konigswalde/grumbach/mildenau

Serial no; 06N-1128
Index;Rpe (Ohm);Voc (VDC);Isc (ADC);Riso (MOhm);Viso (V);Iclamp (Amp);ac/dc;Irr (W/m2);Ta (C); Tpv (C);HH:MM:SS; DD/MM/YYYY 


KONIGSWALDE

DACH1

wr1
1;;743;9,40;70;1000;;;;;;10:15:47;24/8/2022;
2;;755;7,13;89;1000;;;;;;10:16:44;24/8/2022;
3;;745;9,63;68;1000;;;;;;10:17:36;24/8/2022;
4;;744;7,31;85;1000;;;;;;10:18:17;24/8/2022;
5;;453;1,50;0,57;1000;;;;;;10:15:13;25/8/2022;

wr2
6;;446;1,13;0,58;1000;;;;;;10:15:34;25/8/2022;
7;;452;1,27;2,04;1000;;;;;;10:16:27;25/8/2022;
8;;463;2,18;0,58;1000;;;;;;10:16:55;25/8/2022;
9;;482;3,83;0,57;1000;;;;;;10:17:13;25/8/2022;
10;;483;3,81;0,59;1000;;;;;;10:17:42;25/8/2022;

wr3
11;;472;2,72;0,28;1000;;;;;;10:17:56;25/8/2022;
12;;483;3,88;0,46;1000;;;;;;10:18:44;25/8/2022;
13;;479;3,73;0,37;1000;;;;;;10:18:57;25/8/2022;
14;;470;3,77;0,55;1000;;;;;;10:19:8;25/8/2022;
15;;458;3,95;0,60;1000;;;;;;10:19:53;25/8/2022;

wr4
16;;480;3,88;0,36;1000;;;;;;10:20:4;25/8/2022;
17;;477;3,77;0,47;1000;;;;;;10:20:20;25/8/2022;
18;;479;3,89;0,52;1000;;;;;;10:20:28;25/8/2022;
19;;477;3,84;0,88;1000;;;;;;10:20:43;25/8/2022;
20;;476;3,81;0,24;1000;;;;;;10:20:53;25/8/2022;

wr5
21;;478;3,82;0,84;1000;;;;;;10:21:3;25/8/2022;
22;;474;3,69;0,58;1000;;;;;;10:21:18;25/8/2022;
23;;476;3,77;0,28;1000;;;;;;10:21:32;25/8/2022;
24;;473;3,69;0,39;1000;;;;;;10:22:42;25/8/2022;
25;;473;3,69;0,75;1000;;;;;;10:22:50;25/8/2022;

wr6
26;;475;3,70;0,67;1000;;;;;;10:23:7;25/8/2022;
27;;472;3,58;0,25;1000;;;;;;10:23:31;25/8/2022;
28;;474;3,69;0,85;1000;;;;;;10:23:53;25/8/2022;
29;;472;3,71;0,93;1000;;;;;;10:24:20;25/8/2022;
30;;472;3,71;0,59;1000;;;;;;10:24:34;25/8/2022;

wr7
31;;474;3,72;0,67;1000;;;;;;10:24:44;25/8/2022;
32;;471;3,65;0,59;1000;;;;;;10:24:54;25/8/2022;
33;;474;3,76;0,40;1000;;;;;;10:25:10;25/8/2022;
34;;471;3,73;0,39;1000;;;;;;10:25:29;25/8/2022;
35;;471;3,72;0,75;1000;;;;;;10:25:43;25/8/2022;

wr8
36;;473;3,71;0,60;1000;;;;;;10:25:53;25/8/2022;
37;;470;3,62;0,54;1000;;;;;;10:26:5;25/8/2022;
brak
brak
brak

wr9
38;;473;3,69;0,58;1000;;;;;;10:26:17;25/8/2022;
39;;533;2,83;0,67;1000;;;;;;10:27:27;25/8/2022;
brak
brak
brak

wr10
40;;545;7,33;0,44;1000;;;;;;10:27:37;25/8/2022;
41;;537;6,74;0,37;1000;;;;;;10:27:50;25/8/2022;
42;;540;7,01;0,54;1000;;;;;;10:28:2;25/8/2022;
brak
brak

wr11
43;;468;6,68;0,94;1000;;;;;;10:28:16;25/8/2022;
44;;462;6,74;0,85;1000;;;;;;10:28:36;25/8/2022;
45;;467;6,83;0,68;1000;;;;;;10:28:48;25/8/2022;
brak
brak

wr12
46;;475;7,13;0,41;1000;;;;;;10:28:59;25/8/2022;
47;;471;7,20;0,40;1000;;;;;;10:29:8;25/8/2022;
48;;473;7,17;0,41;1000;;;;;;10:29:19;25/8/2022;
brak
brak

wr13
1;2;;479;8,40;61;1000;;;;;;11:37:0;25/8/2022;0,000;0,000;0,0;00;0C0F
2;2;;479;8,48;64;1000;;;;;;11:37:10;25/8/2022;0,000;0,000;0,0;00;0C4C

wr14
3;2;;476;8,29;62;1000;;;;;;11:37:41;25/8/2022;0,000;0,000;0,0;00;0C4B
4;2;;462;5,20;64;1000;;;;;;11:37:54;25/8/2022;0,000;0,000;0,0;00;0C41
5;2;;465;5,27;65;1000;;;;;;11:38:7;25/8/2022;0,000;0,000;0,0;00;0C1C

wr15
6;2;;449;2,86;65;1000;;;;;;11:38:25;25/8/2022;0,000;0,000;0,0;00;0C51
7;2;;454;2,96;68;1000;;;;;;11:38:37;25/8/2022;0,000;0,000;0,0;00;0C55
8;2;;444;2,13;68;1000;;;;;;11:38:51;25/8/2022;0,000;0,000;0,0;00;0C46

---------------------------------------------------
wr1
12;2;;544;4,51;46;1000;;;;;;12:20:26;25/8/2022;0,000;0,000;0,0;00;0C6C
13;2;;544;5,51;76;1000;;;;;;12:20:37;25/8/2022;0,000;0,000;0,0;00;0C71
14;2;;543;5,51;23;1000;;;;;;12:20:49;25/8/2022;0,000;0,000;0,0;00;0C74
15;2;;543;5,52;57;1000;;;;;;12:21:2;25/8/2022;0,000;0,000;0,0;00;0C3C
16;2;;542;4,53;46;1000;;;;;;12:21:17;25/8/2022;0,000;0,000;0,0;00;0C71

wr2
17;2;;540;5,34;68;1000;;;;;;12:21:43;25/8/2022;0,000;0,000;0,0;00;0C6C
18;2;;541;5,48;48;1000;;;;;;12:21:52;25/8/2022;0,000;0,000;0,0;00;0C76
19;2;;541;4,43;57;1000;;;;;;12:22:3;25/8/2022;0,000;0,000;0,0;00;0C3F
20;2;;541;4,51;24;1000;;;;;;12:22:17;25/8/2022;0,000;0,000;0,0;00;0C6A
21;2;;541;4,51;74;1000;;;;;;12:22:26;25/8/2022;0,000;0,000;0,0;00;0C6C

wr3
22;2;;540;4,43;54;1000;;;;;;12:22:48;25/8/2022;0,000;0,000;0,0;00;0C6E
23;2;;540;4,47;75;1000;;;;;;12:23:0;25/8/2022;0,000;0,000;0,0;00;0C39
24;2;;540;6,50;43;1000;;;;;;12:23:13;25/8/2022;0,000;0,000;0,0;00;0C69
25;2;;539;7,46;86;1000;;;;;;12:23:26;25/8/2022;0,000;0,000;0,0;00;0C7B
26;2;;539;7,37;45;1000;;;;;;12:23:39;25/8/2022;0,000;0,000;0,0;00;0C80

wr4
27;2;;537;4,28;45;1000;;;;;;12:24:14;25/8/2022;0,000;0,000;0,0;00;0C77
28;2;;537;7,50;74;1000;;;;;;12:24:26;25/8/2022;0,000;0,000;0,0;00;0C7A
29;2;;537;7,53;56;1000;;;;;;12:24:38;25/8/2022;0,000;0,000;0,0;00;0C81